10
16 324888 763965 96477 346297 420661 616462 964627 394479 546220 86348 802810 82157 69460 858786 235637 665913
90 896352 805535 178331 190094 76737 241540 193351 266147 143234 179530 440242 8831 989839 582562 133911 318885 783843 488920 102916 39775 949598 480789 606170 565047 701648 659515 22977 229331 314895 806431 596158 655265 253810 487520 612818 432154 805038 272863 846397 483796 105698 624856 851197 802761 627200 882542 483275 734646 402821 898121 129952 415008 81170 522229 813915 117646 847165 810217 133120 396101 141433 797542 244781 859299 925138 749140 589004 404986 763839 952957 687688 412271 445700 497881 636652 34140 305015 689776 977145 226836 767067 581143 428905 994400 534505 765560 644340 584813 401593 522168
96 542685 168490 874430 304262 721624 657643 438393 42324 710902 751564 976289 147683 957222 537769 172489 380644 551813 209099 683350 659778 42707 981661 981497 975626 15689 584786 628935 66381 248103 868423 701862 755109 304783 577030 377155 659720 984393 838373 173577 970484 842002 802908 766605 312395 711275 967596 575702 383650 110410 350595 684276 212901 692182 217831 814403 411715 146140 42742 775243 789748 427389 319793 124033 58810 200003 456589 787333 468547 752449 679202 708928 576097 847324 962240 790042 335209 201497 584959 395688 313039 777790 865574 414166 76287 272639 732367 824880 740324 300754 739043 341477 522847 604958 95296 624189 24446
60 159927 233901 939327 724321 744957 255899 116025 93095 525210 579716 620347 883452 981557 84968 745501 470582 113885 202852 265294 4466 221109 771101 637821 397591 618381 757325 221936 827193 292495 136728 272536 965050 821643 718773 830740 438691 909966 739076 263212 457963 200683 233034 386495 228148 676638 911111 571367 481091 93478 982610 790184 412336 453487 547471 688610 88872 635164 282640 793693 724312
74 137458 19656 852698 626520 654163 245875 347937 489833 124765 609273 33350 468700 673946 846478 186928 617990 289637 513390 879453 694035 788001 131077 322645 117716 318423 761963 376706 191577 793935 835941 876499 480445 580163 871851 806217 527065 676382 449386 688283 336645 199050 901301 493121 705784 405149 825202 759400 667876 551352 644733 984733 771394 290370 936382 573502 109910 22078 623020 971914 679707 910844 670798 264174 996846 250894 263661 707315 606897 922251 500011 632978 547929 986905 203364
42 474808 377210 58635 655361 471529 919194 153956 249603 65234 106902 436217 623721 390065 160922 459881 479094 713700 752100 873472 785071 250374 940437 232250 108242 311896 836055 233849 507682 283330 573361 557119 731750 115006 999361 128737 842033 748112 177644 136331 240619 385378 820412
30 358839 426795 349606 451299 503844 202383 939135 867345 719815 103610 981708 38951 151953 785856 681187 948263 956330 462180 531355 174753 18383 255013 645744 370244 967462 983567 849810 348540 760597 179054
16 499374 642508 681247 156594 60841 758033 312518 606392 841322 274083 630531 787055 48043 838989 816722 788459
86 825302 898799 642318 678305 538686 874831 110587 170617 569957 855743 911579 238528 419611 705463 238000 915627 773710 774020 207535 196570 586919 544744 266090 815397 170233 253619 232854 102746 372557 214313 390053 953338 82772 708888 801967 511653 611787 824758 116553 392859 228205 408811 47138 460632 489555 361744 685383 261608 754653 470758 416985 974614 264677 65255 544397 909619 852130 231292 467738 389203 52915 704456 808534 365869 119240 437096 596062 180482 174830 484617 761238 183878 630644 798282 911709 876939 435890 25858 582687 404821 193979 734997 285035 29777 679453 729685
88 553266 665746 882681 995384 933680 520674 931915 89914 59760 128501 993370 53531 229258 610730 921824 877793 412532 368783 341338 554812 733340 184812 34732 186528 950372 863141 828549 587740 259016 409853 842230 102497 52938 67423 683254 760786 381260 152732 63062 489822 491725 282328 395636 269745 262529 289502 209657 169628 80204 438119 204969 840311 895649 241382 485270 923000 776312 200650 206145 157991 326187 772366 967338 274922 883467 761572 154870 747069 237917 179024 23144 734626 636991 98396 557512 168972 698416 745545 176186 100576 598522 660202 129890 868259 885744 73029 764711 561802
